%%% real data inspired
function b = nine_node_order20_rdi()

b(:,:,1) = [1.2111         0         0         0         0         0         0    0.0063    0.0029;
         0    1.1153         0         0         0         0         0   -0.0037         0;
         0   -0.1017    1.2859         0         0         0         0         0         0;
         0         0         0    1.1701         0         0         0         0         0;
    0.1706         0         0         0    1.3888         0         0   -0.0024   -0.3305;
         0         0         0         0   -0.0901    1.1653         0         0    0.3462;
         0         0         0         0         0         0    1.2735         0         0;
   -1.4522    1.6611         0         0         0   -0.0428         0    1.3360         0;
    0.0358         0    0.0244         0    0.0011         0         0   -0.0034    1.4323];


b(:,:,2) = [0.0169         0         0         0         0         0         0   -0.0042    0.0114;
         0    0.0480         0         0         0         0         0    0.0022         0;
         0    0.0672   -0.0100         0         0         0         0         0         0;
         0         0         0   -0.0267         0         0         0         0         0;
    0.0488         0         0         0   -0.1121         0         0   -0.0013    0.2305;
         0         0         0         0    0.0408   -0.0309         0         0   -0.2133;
         0         0         0         0         0         0    0.0173         0         0;
    0.9196   -0.9719         0         0         0    0.0257         0   -0.0918         0;
    0.0003         0   -0.0081         0   -0.0032         0         0    0.0008   -0.1153];


b(:,:,3) = [  -0.0618         0         0         0         0         0         0   -0.0038    0.0086;
         0   -0.0285         0         0         0         0         0    0.0020         0;
         0    0.0603   -0.0931         0         0         0         0         0         0;
         0         0         0   -0.0940         0         0         0         0         0;
    0.0301         0         0         0   -0.1829         0         0   -0.0000    0.2007;
         0         0         0         0    0.0398   -0.0976         0         0   -0.2011;
         0         0         0         0         0         0   -0.0698         0         0;
    0.8404   -0.8989         0         0         0    0.0245         0   -0.1619         0;
   -0.0035         0   -0.0076         0   -0.0026         0         0    0.0010   -0.1890];


b(:,:,4) = [  -0.0747         0         0         0         0         0         0   -0.0023    0.0036;
         0   -0.0490         0         0         0         0         0    0.0012         0;
         0    0.0350   -0.1038         0         0         0         0         0         0;
         0         0         0   -0.0896         0         0         0         0         0;
    0.0136         0         0         0   -0.1572         0         0    0.0018    0.1059;
         0         0         0         0    0.0267   -0.0920         0         0   -0.1338;
         0         0         0         0         0         0   -0.0900         0         0;
    0.5110   -0.5563         0         0         0    0.0165         0   -0.1414         0;
   -0.0061         0   -0.0040         0   -0.0013         0         0    0.0008   -0.1636];


b(:,:,5) = [  -0.0498         0         0         0         0         0         0   -0.0004   -0.0021;
         0   -0.0368         0         0         0         0         0    0.0002         0;
         0    0.0023   -0.0729         0         0         0         0         0         0;
         0         0         0   -0.0459         0         0         0         0         0;
   -0.0014         0         0         0   -0.0802         0         0    0.0037   -0.0140;
         0         0         0         0    0.0083   -0.0472         0         0   -0.0423;
         0         0         0         0         0         0   -0.0708         0         0;
    0.0791   -0.1011         0         0         0    0.0056         0   -0.0725         0;
   -0.0077         0    0.0009         0    0.0001         0         0    0.0004   -0.0854];


b(:,:,6) = [  -0.0157         0         0         0         0         0         0    0.0013   -0.0067;
         0   -0.0149         0         0         0         0         0   -0.0008         0;
         0   -0.0270   -0.0310         0         0         0         0         0         0;
         0         0         0    0.0048         0         0         0         0         0;
   -0.0156         0         0         0    0.0027         0         0    0.0050   -0.1194;
         0         0         0         0   -0.0089    0.0040         0         0    0.0424;
         0         0         0         0         0         0   -0.0393         0         0;
   -0.3078    0.3092         0         0         0   -0.0043         0    0.0026         0;
   -0.0089         0    0.0051         0    0.0014         0         0    0.0000   -0.0004];


b(:,:,7) =[ -0.0006         0         0         0         0         0         0    0.0022   -0.0088;
         0   -0.0066         0         0         0         0         0   -0.0012         0;
         0   -0.0418   -0.0088         0         0         0         0         0         0;
         0         0         0    0.0301         0         0         0         0         0;
   -0.0297         0         0         0    0.0462         0         0    0.0054   -0.1705;
         0         0         0         0   -0.0181    0.0287         0         0    0.0895;
         0         0         0         0         0         0   -0.0230         0         0;
   -0.5022    0.5174         0         0         0   -0.0095         0    0.0419         0;
   -0.0099         0    0.0067         0    0.0020         0         0   -0.0002    0.0450];


b(:,:,8) = [  -0.0040         0         0         0         0         0         0    0.0020   -0.0075;
         0   -0.0109         0         0         0         0         0   -0.0011         0;
         0   -0.0380   -0.0053         0         0         0         0         0         0;
         0         0         0    0.0280         0         0         0         0         0;
   -0.0442         0         0         0    0.0452         0         0    0.0044   -0.1497;
         0         0         0         0   -0.0176    0.0242         0         0    0.0897;
         0         0         0         0         0         0   -0.0199         0         0;
   -0.4558    0.4739         0         0         0   -0.0096         0    0.0412         0;
   -0.0098         0    0.0043         0    0.0017         0         0   -0.0002    0.0466];


b(:,:,9) = [-0.0071         0         0         0         0         0         0    0.0012   -0.0039;
         0   -0.0122         0         0         0         0         0   -0.0006         0;
         0   -0.0231   -0.0000         0         0         0         0         0         0;
         0         0         0    0.0202         0         0         0         0         0;
   -0.0588         0         0         0    0.0299         0         0    0.0023   -0.0836;
         0         0         0         0   -0.0118    0.0126         0         0    0.0638;
         0         0         0         0         0         0   -0.0117         0         0;
   -0.2670    0.2837         0         0         0   -0.0072         0    0.0288         0;
   -0.0082         0   -0.0007         0    0.0009         0         0   -0.0001    0.0350];


