function b = nine_node_order50_rdi()

b= zeros(9,9,50);
b(:,:,1) =  [1.1893   -0.0533         0         0    0.0105         0    0.0648    0.0128    0.0594
   -0.0096    1.1265         0         0         0         0         0         0         0
    0.0724   -0.0452    1.2354         0         0    0.0021         0         0         0
         0         0         0    1.4721         0         0         0         0         0
         0         0         0         0    2.1528   -0.0348         0         0    0.0913
   -0.0787         0    0.5479         0    0.0668    1.6010         0    0.0178    1.3395
         0         0         0         0         0         0    1.3518         0         0
         0    2.4570   -0.6672         0         0         0         0    1.5955    2.1003
    0.0218         0    0.0493         0    0.0044    0.0070         0    0.0000    1.3716];

b(:,:,2) = [ -0.0823    0.0343         0         0   -0.0142         0   -0.0958   -0.0234   -0.0329
   -0.0577    0.0345         0         0         0         0         0         0         0
   -0.0555    0.0428    0.0047         0         0   -0.0005         0         0         0
         0         0         0   -0.6400         0         0         0         0         0
         0         0         0         0   -1.6908    0.0000         0         0    0.0359
   -0.5941         0   -0.4602         0   -0.1489   -1.0389         0   -0.0442   -1.7339
         0         0         0         0         0         0   -0.1470         0         0
         0   -3.8830    1.3492         0         0         0         0   -0.5397   -2.9746
   -0.0609         0    0.0019         0   -0.0067   -0.0066         0    0.0049   -0.0584];


b(:,:,3) = [ -0.0738    0.0272         0         0    0.0047         0    0.0260    0.0119   -0.0156
    0.1004   -0.1370         0         0         0         0         0         0         0
    0.0047    0.0796   -0.1089         0         0   -0.0004         0         0         0
         0         0         0    0.2099         0         0         0         0         0
         0         0         0         0    0.6844   -0.0183         0         0    0.0815
    0.5283         0   -0.4231         0    0.0715    0.4334         0    0.0370   -0.0554
         0         0         0         0         0         0   -0.0152         0         0
         0    1.3320   -1.3316         0         0         0         0   -0.0943    0.9728
    0.1371         0   -0.1274         0   -0.0092    0.0135         0   -0.0114   -0.3875];


b(:,:,4) = [ 0.0111    0.0067         0         0   -0.0004         0   -0.0016   -0.0021    0.0051
   -0.0217    0.0178         0         0         0         0         0         0         0
   -0.0156   -0.0131   -0.0472         0         0   -0.0004         0         0         0
         0         0         0   -0.0607         0         0         0         0         0
         0         0         0         0   -0.1464    0.0181         0         0   -0.0680
   -0.0807         0    0.0142         0   -0.0055   -0.0676         0   -0.0085    0.0736
         0         0         0         0         0         0   -0.0648         0         0
         0   -0.0682    0.3933         0         0         0         0   -0.0251   -0.2197
   -0.0412         0    0.0384         0    0.0029   -0.0048         0    0.0021    0.0106];


b(:,:,5) = [ 0.0105    0.0031         0         0    0.0005         0    0.0041   -0.0006    0.0066
   -0.0149    0.0105         0         0         0         0         0         0         0
   -0.0111   -0.0167   -0.0441         0         0   -0.0002         0         0         0
         0         0         0   -0.0197         0         0         0         0         0
         0         0         0         0   -0.0408    0.0161         0         0   -0.0642
   -0.0300         0    0.0499         0    0.0027   -0.0072         0   -0.0056    0.1635
         0         0         0         0         0         0   -0.0525         0         0
         0    0.1419    0.2714         0         0         0         0    0.0061   -0.0311
   -0.0349         0    0.0349         0    0.0029   -0.0039         0    0.0017    0.0131];


b(:,:,6) = [ 0.0028   -0.0003         0         0    0.0008         0    0.0059    0.0001    0.0060
   -0.0071    0.0005         0         0         0         0         0         0         0
   -0.0073   -0.0184   -0.0361         0         0    0.0002         0         0         0
         0         0         0    0.0007         0         0         0         0         0
         0         0         0         0    0.0079    0.0118         0         0   -0.0516
    0.0099         0    0.0708         0    0.0048    0.0143         0   -0.0038    0.1708
         0         0         0         0         0         0   -0.0402         0         0
         0    0.1866    0.1565         0         0         0         0    0.0162    0.0568
   -0.0272         0    0.0272         0    0.0023   -0.0027         0    0.0012    0.0120];


b(:,:,7) = [ -0.0088   -0.0034         0         0    0.0008         0    0.0052    0.0003    0.0042
    0.0006   -0.0103         0         0         0         0         0         0         0
   -0.0041   -0.0186   -0.0253         0         0    0.0006         0         0         0
         0         0         0    0.0067         0         0         0         0         0
         0         0         0         0    0.0175    0.0063         0         0   -0.0338
    0.0401         0    0.0801         0    0.0029    0.0099         0   -0.0028    0.1247
         0         0         0         0         0         0   -0.0284         0         0
         0    0.1234    0.0535         0         0         0         0    0.0124    0.0747
   -0.0188         0    0.0173         0    0.0013   -0.0014         0    0.0008    0.0086];


b(:,:,8) = [ -0.0209   -0.0059         0         0    0.0005         0    0.0030    0.0001    0.0019
    0.0074   -0.0202         0         0         0         0         0         0         0
   -0.0014   -0.0176   -0.0137         0         0    0.0010         0         0         0
         0         0         0    0.0047         0         0         0         0         0
         0         0         0         0    0.0057    0.0007         0         0   -0.0143
    0.0616         0    0.0806         0   -0.0009   -0.0074         0   -0.0023    0.0542
         0         0         0         0         0         0   -0.0177         0         0
         0    0.0097   -0.0330         0         0         0         0    0.0017    0.0533
   -0.0106         0    0.0067         0    0.0002   -0.0001         0    0.0004    0.0044];


b(:,:,9) = [ -0.0301   -0.0075         0         0    0.0003         0    0.0006   -0.0000   -0.0002
    0.0124   -0.0272         0         0         0         0         0         0         0
    0.0008   -0.0157   -0.0034         0         0    0.0013         0         0         0
         0         0         0    0.0009         0         0         0         0         0
         0         0         0         0   -0.0095   -0.0041         0         0    0.0031
    0.0754         0    0.0755         0   -0.0044   -0.0246         0   -0.0019   -0.0115
         0         0         0         0         0         0   -0.0086         0         0
         0   -0.0969   -0.0982         0         0         0         0   -0.0087    0.0234
   -0.0036         0   -0.0026         0   -0.0007    0.0010         0    0.0001    0.0008];


